-0.049834160955302804 -0.9651880847933482 -0.2567654910123821 92.90912146910826 0.9701119709541478 0.01435195636904367 -0.24223291510411984 -98.70370842513836 0.23748541052734093 -0.2611627506390024 0.9356252975766155 390.9599208378294
0.019948213491492978 -0.9997766886893364 -0.0069743481332118495 104.17362890984307 0.864665411911143 0.02075372488115579 -0.5019193245413953 -88.36888339153576 0.5019519839815667 0.003981916240042349 0.8648863220793968 368.826305087355
0.9392627887134676 0.31296922183724063 -0.14083919880768989 -67.02055222581174 -0.34187851528401125 0.8172744826211534 -0.46387660087950755 -1.2636417546872105 -0.03007481546743123 0.48385192594317317 0.8746329625824092 363.6086162188924
0.7958940991325346 0.03228241185223814 -0.6045745850190973 -31.711723460940885 -0.15013843534490223 0.9779098814554298 -0.14543285042937143 -48.216377816130816 0.5865245375925852 0.20651902972082203 0.7831595349384277 265.66125554224493
0.039236554468748984 -0.958526046234185 0.28229118208701076 98.70752869654451 0.9704165193061881 -0.030800251749836274 -0.23946424273742703 -98.00619858669046 0.23822735328060793 0.2833357781551911 0.9289610136954666 367.397844621565
0.01950995053349117 -0.9923088358986448 -0.12223966634303667 82.39353488711218 0.9928988970931604 0.00487938989331812 0.11886114464136094 -123.68577275589803 -0.11735050908013255 -0.12369060494534412 0.9853575453950147 389.3138885235008
0.014480432167301561 -0.9510953849353972 -0.3085577512214478 120.5839351470796 0.9491866653797275 0.11010003061293523 -0.2948264871485327 -88.81348510000436 0.3143803291390245 -0.2886096880106755 0.9043613529097865 403.3438550549816
0.08897827766550914 -0.9775845429638864 0.1908175239902477 110.59918593018729 0.9145010508247581 0.004269093753022953 -0.4045610001952005 -58.36666940967468 0.3946779625772037 0.21049996721286474 0.8943819484198515 387.50563042757085
-0.007742480420086331 -0.9666167481414033 -0.25610957851959315 49.67564662057654 0.9375750361932326 0.0820365915681637 -0.3379690061989962 -91.04423874677066 0.34769685863436184 -0.24273866576303288 0.9056405659197139 321.17646860748704
0.9708143048328604 0.030426133910956638 -0.23789458990721615 -83.2006988573615 -0.034234988859518284 0.999343025646659 -0.011894647080506459 -57.37108415940894 0.23737639113795347 0.0196918121719073 0.9712181430882084 267.0913132512737
0.9909486901148516 -0.04579983221243098 0.12618664322729586 -59.136987109224464 0.04635787973224067 0.9989237876278423 -0.0014877829063597923 -91.21181417153318 -0.12598269939317377 0.0073240617527786794 0.9920054019878373 342.44186591472425
0.7084628276201679 0.546703091434937 -0.4463139609018735 -82.14677725585409 -0.6446404204710062 0.7586930786022327 -0.09393370415367774 8.905638353158722 0.2872614665690485 0.3542605570714148 0.8899327544978048 319.1492808316193
